wall -1720 -1760 20 20 1 11 24
wall -1720 -1740 20 20 2 20 24
wall -1700 -1360 20 20 1 16 24
wall -1380 -1360 20 20 2 8 24
wall -1380 -1200 20 20 1 18 24
wall -1020 -1500 20 20 2 16 24
wall -1160 -1500 20 20 1 7 24
wall -1160 -1760 20 20 2 14 24
wall -1380 -1760 20 20 1 11 24

wall 520 -1500 20 20 1 11 2
wall 520 -1500 20 20 2 12 2
wall 520 -1180 20 20 2 9 2
wall 520 -1020 20 20 1 26 2
wall 1020 -1280 20 20 2 14 2
wall 1020 -1500 20 20 2 7 2
wall 840 -1500 20 20 1 10 2
wall 160 -1360 20 20 1 6 2
wall 160 -1360 20 20 2 14 2
wall 160 -1100 20 20 1 18 2
wall 360 -1360 20 20 1 8 2
wall 640 -1720 20 20 1 14 2
wall 640 -1720 20 20 2 11 2
wall 900 -1720 20 20 2 11 2

wall 900 420 20 20 1 32 2
wall 900 420 20 20 2 25 2
wall 900 1040 20 20 2 15 2
wall 900 1320 20 20 1 32 2
wall 1520 420 20 20 2 46 2
wall 900 680 20 20 1 5 2
wall 1080 680 20 20 1 12 2
wall 1400 680 20 20 1 7 2
wall 1180 420 20 20 2 14 2
wall 1240 1000 20 20 2 5 2
wall 1240 1200 20 20 2 7 2
wall 1240 1000 20 20 1 15 2

wall -1620 600 20 20 1 66 24
wall -1620 600 20 20 2 54 24
wall -1620 1660 20 20 1 66 24
wall -320 600 20 20 2 27 24
wall -320 1380 20 20 2 15 24
wall -1500 920 20 20 1 32 24
wall -1500 920 20 20 2 29 24
wall -1500 1500 20 20 1 32 24
wall -880 920 20 20 2 14 24
wall -880 1320 20 20 2 10 24
wall -860 1120 20 20 1 21 24
wall -860 1400 20 20 1 21 24
wall -460 1120 20 20 2 6 24
wall -460 1320 20 20 2 5 24
wall -1500 1140 20 20 1 5 24
wall -1300 1140 20 20 1 7 24
wall -1180 940 20 20 2 11 24


wall 0 0 20 20 1 10 2
wall 200 20 20 20 1 3 2
wall -60 20 20 20 1 3 2
wall 260 40 20 20 1 2 2
wall -100 40 20 20 1 2 2
wall 0 660 20 20 1 10 2
wall 200 640 20 20 1 3 2
wall -60 640 20 20 1 3 2
wall 260 620 20 20 1 2 2
wall -100 620 20 20 1 2 2
wall -260 260 20 20 2 8 2
wall -240 200 20 20 2 3 2
wall -240 420 20 20 2 3 2
wall -220 160 20 20 2 2 2
wall -220 480 20 20 2 2 2
wall 440 260 20 20 2 8 2
wall 420 200 20 20 2 3 2
wall 420 420 20 20 2 3 2
wall 400 160 20 20 2 2 2
wall 400 480 20 20 2 2 2

med 90 50
med -200 70
med 1220-220
med -1180 1440
med -520 840
med -1280 -1300
med 220 -1160
med 1020 560
mine 200 250
mine 400 50
mine 1040 960
mine -700 1280
weapon -1420 1060 101
weapon 1340 1160 103
weapon -1500 800 103
weapon 50 330 102
weapon 720 -1620 101
weapon 1360 560 102

tile 520 -1500 510 480 21
tile 640 -1720 260 240 21
tile 160 -1360 360 260 21

tile 900 420 620 890 22

tile -1500 920 620 580 23
tile -880 1120 420 280 23

tile -1720 -1760 560 400 22
tile -1380 -1500 360 300 22

tile 900 420 280 260 26

tile 1240 1000 280 320 28

tile -1500 920 320 220 29

tile  -580 -1380 32 32 25
tile -120 -1000 32 32 25
tile -920 -480 32 32 25
tile 1760 -1780 32 32 25
tile 1320 -1340 32 32 25
tile -1700 -1000 32 32 25
tile 1440 -500 32 32 25
tile 1060 -440 32 32 25
tile 1020 220 32 32 25
tile 200 260 32 32 25
tile  -580 -1380 32 32  25
tile -120 -1000 32 32 25
tilel -920 -480 32 32 25
tile 1760 -1780 32 32 25
tile 1320 -1340 32 32 25
tile -1700 -1000 32 32 25
tile 1440 -500 32 32 25
tile 1060 -440 32 32 25
tile 1020 220 32 32 25
tile -640 120 32 32 25
tile  -580 -1380 32 32 25
tile -120 -1000 32 32 25
tile -920 -480 32 32 25
tile 1760 -1780 32 32 25
tile 1320 -1340 32 32 25
tile -1700 -1000 32 32 25
tile 1440 -500 32 32 25
tile 1060 -440 32 32 25
tile 1020 220 32 32 25
tile -1300 300 32 32 25
tile  -580 -1380 32 32 25
tile -120 -1000 32 32 25
tile -920 -480 32 32 25
tile 1760 -1780 32 32 25
tile 1320 -1340 32 32 25
tile -1700 -1000 32 32 25
tile 1440 -500 32 32 25
tile 1060 -440 32 32 25
tile 1020 220 32 32 25
tile -1400 700 32 32 25
tile -1040 840 32 32 25
tile 200 1160 32 32 25
tile 240 1760 32 32 25
tile 820 1620 32 32 25
tile 1320 1780 32 32 25
tile 1720 1600 32 32 25

tile -3000 -380 6000 380 30


